rf_times 154.918 x 10
correct_targets =  -0.00777160807911 0.00370131450774 0.0109948454749
score:  -0.0616065940575 0.166640632163 0.661626479446
gini:  0.40848984741 0.192670344559 0.549752047821
