rf_times 159.103 x 10
correct_targets =  -0.00659690728491 0.00465028749533 0.0159060239365 [-0.016901533084087338, -0.013140720748622879, -0.006968564033360617, -0.0037386899099617283, -0.00449085237705462, -0.0036280777824480677, -0.007012808884366082, -0.0009955091476229454, -0.0028537928898524434, -0.006238523991770458]
score:  -0.0535718522492 0.175412907729 0.674591892908 [0.11601074385096444, -0.21156526520273999, -0.056109881285816954, -0.026789987636443024, 0.034446521463182167, -0.13743596169732064, 0.024814831532308013, -0.10198126056160683, -0.4258500779311909, 0.24874181497708903]
gini:  0.322628571703 0.227369412831 0.730652220303 [0.70479505113049989, 0.72374361083071748, 0.44577073240360571, 0.13689747691172138, 0.29362456490938249, 0.20859836480805438, 0.27490320910565019, -0.0069086094719038463, 0.13420326240100516, 0.31065805399746443]
