rf_times 159.806 x 10
correct_targets =  -0.00665885007632 0.00287436632842 0.00898170475411 [-0.009379908413158418, -0.010663009092316881, -0.00595093246023494, -0.01179125279295622, -0.004446607526049156, -0.005287259695152977, -0.0038714244629781207, -0.0050660354401256555, -0.007322522841404331, -0.0028095480388469793]
score:  -0.0737096543197 0.163271304699 0.589098599574 [0.057151085314823713, -0.31921850747920777, -0.09514568440846416, -0.10997087970123709, -0.062056171090717704, -0.013540989629186484, -0.0013433486427820718, -0.008790994728236301, -0.38663982620319892, 0.20245877337075402]
gini:  0.361974843013 0.203608368394 0.562420878502 [0.61452581665089068, 0.54519924056446867, 0.30353155688066663, 0.68097416372383279, 0.24488767505218254, 0.15428915445127644, 0.11855328522157721, 0.29199189151323224, 0.5442611993982811, 0.12153444667241015]
