rf_times 117.146 x 10
correct_targets =  -0.0144990376745 0.00412223604301 0.0127425170896 [-0.014357454151273145, -0.00741101254341526, -0.012985863770103754, -0.007654359223945313, -0.017167002190120125, -0.013715903811693915, -0.02015352963298896, -0.01482202508683052, -0.017697940402185697, -0.019025285932349624]
score:  -7.15017220764 0.0215167798428 0.0768656197784 [-7.1630945437145694, -7.1600096358973762, -7.1541825877982301, -7.1588099495240218, -7.1555536579392065, -7.1546967391010945, -7.1539255121467988, -7.1551251985201514, -7.1600953277811872, -7.0862289239361509]
gini:  0.970902323361 0.00111596088645 0.00337887437249 [0.96999323845699925, 0.97073658007261709, 0.97227143836330965, 0.96909216556280042, 0.96934353914904869, 0.97212886609460891, 0.97087042133152734, 0.97247103993528761, 0.97101282958820379, 0.97110311505310187]
