rf_times 62.427 x 10
correct_targets =  -0.0148463597549 0.0037474428932 0.0135610468332 [-0.019534101718912462, -0.015773289383448002, -0.012676149813065505, -0.014799902661327788, -0.01555206512842068, -0.016746676105568216, -0.019489856867906996, -0.015817534234453465, -0.005973054885737673, -0.012100966749994469]
score:  -0.0704518459826 0.161417125825 0.501508948229 [0.0035739503864594679, -0.29843887506243383, 0.072697006090295946, -0.28901752993957097, -0.11162740153842132, -0.079356344751794206, -0.008237043285709067, 0.063876003247954505, -0.26105829813890669, 0.20307007316631309]
gini:  0.633889645165 0.189625118196 0.603653881406 [0.90308959075375728, 0.72475546253174927, 0.47951323256727912, 0.65229940647836682, 0.59004323707257733, 0.8254824281021057, 0.83733581662140533, 0.64346917813420246, 0.29943570934786479, 0.38347239003617278]
