rf_times 29740.287 x 10
correct_targets =  -0.00919186779639 0.00252015599181 0.00922505143464 [-0.00898170475410924, -0.016436962148529966, -0.007211910713890671, -0.009313541136650222, -0.008428644116540937, -0.008450766542043669, -0.009202929009136562, -0.007366767692409796, -0.008915337477601044, -0.007610114372939849]
score:  0.0415657260184 0.130605353849 0.481795914477 [0.13452553846109039, -0.16052604183098218, 0.095600617575900548, 0.031029959872623913, 0.081480910574039722, 0.034005445399943657, 0.054300859416229197, 0.05402993587209759, -0.19529293981676932, 0.28650297465973207]
gini:  0.531384882521 0.117763095751 0.438163389209 [0.50944327345689155, 0.78375237556752453, 0.45730323012234075, 0.50918342968915353, 0.62910726166476061, 0.45303050342981871, 0.48336642704571176, 0.34558898635862428, 0.65150664647103018, 0.49156669140508635]
